# Mesh for neighbourhood water-balance model
# Nodes: id  x  y  z

11
1   0     0     130
2   10    0     128
3   10    10    127
4   0     10    115
5  -10    10    110.0
6  -10    20    119.2
7   0     20    122
8   10    20    129
9   10    30    132
10  0     30    121.5
11 -10    30    128

# Elements: id  n1  n2  n3

10
1   1   2   3
2   1   3   4
3   5   4   7
4   5   7   6
5   4   3   8
6   4   8   7
7   6   7   10
8   6   10  11
9   7   8   9
10  7   9   10
